cycle cells dofs E_re L2 Error  E_im L2 Error  
    0     1   24 7.05463589e-03 7.05932992e-02 
    1     8  108 5.34310844e-03 3.52748134e-02 
    2    64  600 4.05369753e-03 1.76349980e-02 
    3   512 3888 3.69468028e-03 8.81778200e-03 

cycle cells dofs  E_re L2 Error  E_im L2 Error  
    0     1   108 4.96420250e-01 4.00740024e-02 
    1     8   600 4.88509969e-01 3.58369097e-02 
    2    64  3888 4.78623265e-01 3.45162334e-02 
    3   512 27744 4.75138012e-01 3.41188095e-02 

    0     1   288 5.55311523e-01 3.98190136e-02 
    1     8  1764 4.97471592e-01 3.60730862e-02 
    2    64 12168 4.76828416e-01 3.43903046e-02 