Fixed mesh. Refine p:
cycle cells dofs    L2        H1     
    1  1024 1089 6.419e-03 1.428e-02 
    2  1024 4225 8.561e-05 3.813e-04 
    3  1024 9409 9.779e-07 4.348e-06 
    4  1024 16641 9.278e-09 4.124e-08 
    5  1024 25921 7.440e-11 3.306e-10 
    6  1024 37249 1.984e-12 8.878e-12 
    7  1024 50625 9.146e-12 4.088e-11
    
   
      
Fixed p. Refine mesh:    
    p=1.
    cycle cells dofs    L2        H1     
    1     4    9 7.594e-01 4.312e+00 
    2    16   25 2.025e-01 1.966e+00 
    3    64   81 5.105e-02 9.993e-01 
    4   256  289 1.283e-02 5.026e-01 
    5  1024 1089 3.211e-03 2.517e-01 
    6  4096 4225 8.031e-04 1.259e-01
    7 16384 16641 2.008e-04 6.295e-02 
    
    p=3.
    cycle cells dofs    L2        H1     
    1     4   49 7.448e-02 2.345e-01 
    2    16  169 3.729e-03 1.715e-02
    3    64  625 2.455e-04 1.103e-03
    4   256 2401 1.558e-05 6.944e-05
    5  1024 9409 9.779e-07 4.348e-06
    6  4096 37249 6.118e-08 2.719e-07
    7 16384 148225 3.825e-09 1.699e-08