p=0
uniform:
cycle cells dofs    L2 Error    
    0     1   24 5.94525548e-02 
    1     8  108 4.56114313e-02 
    2    64  600 3.46584775e-02 
    3   512 3888 1.87987348e-02 

graded:
cycle cells dofs     L2 Error    
    0     1    24 5.94525548e-02 
    1     8   108 4.56114313e-02 
    2    57   576 3.46627978e-02 
    3   246  2256 1.89187533e-02 
    4   792  6648 8.74550190e-03 
    5  2374 18492 4.94297546e-03 

p=1
uniform:
cycle cells dofs     L2 Error    
    0     1   108 7.12426627e-02 
    1     8   600 3.03413056e-02 
    2    64  3888 1.48237690e-02 
    3   512 27744 4.16693836e-03 

graded:
cycle cells  dofs     L2 Error    
    0     1    108 7.12426627e-02 
    1     8    600 3.03413056e-02 
    2    57   3612 1.48239211e-02 
    3   246  14784 4.16951548e-03 
    4   792  45336 7.61382959e-04 
    5  2374 130488 2.19250674e-04 

p=2
uniform:
cycle cells dofs     L2 Error    
    0     1   288 7.79680925e-02 
    1     8  1764 1.53672547e-02 
    2    64 12168 4.66984610e-03 

graded:
cycle cells  dofs     L2 Error    
    0     1    288 7.79680925e-02 
    1     8   1764 1.53672547e-02 
    2    57  11160 4.66984827e-03 
    3   246  46440 6.74625779e-04 
    4   792 144576 7.13969008e-05 

p=3
uniform:
cycle cells dofs     L2 Error    
    0     1   600 8.13784294e-02 
    1     8  3888 6.98494705e-03 
    2    64 27744 1.32667854e-03 

graded:
cycle cells  dofs     L2 Error    
    0     1    600 8.13784294e-02 
    1     8   3888 6.98494705e-03 
    2    57  25272 1.32667892e-03 
    3   246 106080 1.33950734e-04 
